21,0
20,3
20,2
20,1
20,0
19,6
19,5
19,4
19,3
19,2
19,1
19,0
18,3
18,2
18,1
18,0
17,5
17,4
17,3
17,2
17,1
17,0
16,3
16,2
16,1
16,0
15,5
15,4
15,3
15,2
15,1
15,0
14,3
14,2
14,1
14,0
13,3
13,2
13,1
13,0
12,8
12,7
12,6
12,5
12,4
12,3
12,2
12,1
12,0
11,3
11,2
11,1
11,0
10,6
10,5
10,4
10,3
10,2
10,1
10,0
9,3
9,2
9,1
9,0
8,3
8,2
8,1
8,0
7,6
7,5
7,4
7,3
7,2
7,1
7,0
6,3
6,2
6,1
6,0
5,4
5,3
5,2
5,1
5,0
4,3
2,10
2,9
2,8
2,7
2,6
2,5
2,4
2,3
2,2
2,1
2,0
1,3
0,443
0,440
0,414
0,405
0,362
0,339
0,324
0,243
0,9
0,0
0,1
0,442
0,439
0,300
0,438
0,299
0,437
0,298
0,436
0,297
0,435
0,296
0,434
0,295
0,433
0,294
0,432
0,293
0,431
0,292
0,430
0,291
0,429
0,290
0,428
0,289
0,427
0,288
0,426
0,287
0,425
0,286
0,424
0,285
0,423
0,284
0,422
0,283
0,421
0,282
0,420
0,281
0,419
0,280
0,418
0,279
0,417
0,278
0,416
0,277
0,415
0,276
0,413
0,275
0,412
0,274
0,411
0,273
0,410
0,272
0,409
0,271
0,408
0,270
0,407
0,269
21,1
21,2
22,0
22,1
22,3
22,4
23,0
23,2
23,3
23,5
24,0
24,2
24,4
25,0
25,2
25,3
26,1
26,2
26,4
26,6
27,0
27,2
27,3
28,0
28,2
28,3
28,5
28,6
29,1
29,2
29,4
29,6
29,7
30,1
30,2
30,4
30,6
30,7
31,1
31,2
32,0
32,1
32,3
32,5
32,6
33,0
33,1
33,3
34,1
34,2
34,4
34,5
35,1
35,3
36,0
36,2
36,3
37,1
37,2
38,0
38,2
38,3
39,1
39,2
40,0
40,2
40,3
40,5
41,0
41,2
41,3
41,5
41,7
41,8
42,1
42,2
42,4
43,1
43,2
43,4
43,5
43,7
44,0
44,2
44,4
44,5
45,0
45,1
45,3
46,1
46,2
47,0
47,1
47,3
48,1
48,2
49,0
49,1
49,3
50,0
50,2
51,0
51,1
51,3
51,4
51,6
51,8
51,9
51,11
51,12
52,0
52,1
52,3
53,1
53,2
53,4
54,0
54,2
54,4
55,0
55,2
55,3
56,1
56,2
57,0
57,2
57,3
58,1
58,2
59,0
59,2
59,3
60,1
60,2
61,0
61,1
61,3
62,1
62,2
63,0
63,1
63,3
63,5
64,0
64,2
64,3
65,1
65,3
65,4
65,6
65,7
66,1
66,2
67,0
67,2
67,3
68,0
68,1
68,3
69,1
69,2
70,0
70,1
70,3
71,0
71,2
72,0
72,1
72,3
72,4
73,0
73,2
73,3
74,1
74,2
74,4
75,0
75,2
75,4
75,5
76,1
76,2
77,0
77,2
77,3
78,1
78,2
79,0
79,2
79,3
79,5
79,6
80,1
80,2
81,0
81,2
81,3
82,1
82,2
83,0
83,2
83,3
84,0
84,1
84,3
85,0
85,2
86,0
86,1
86,3
86,4
87,0
87,2
87,3
88,1
88,2
89,0
89,1
89,3
89,5
89,6
90,1
90,2
90,4
90,6
91,0
91,2
91,3
92,0
92,1
92,3
92,5
93,0
93,2
93,3
94,0
94,2
94,3
94,5
95,0
95,2
96,0
96,1
96,3
96,4
96,6
96,7
97,1
97,3
98,0
98,2
98,3
98,5
99,1
99,2
100,0
100,1
100,3
101,0
101,2
102,0
102,1
102,3
102,4
102,6
102,8
102,9
103,0
103,1
103,3
104,0
104,2
105,0
105,1
105,3
106,0
106,2
107,0
107,1
107,3
108,0
108,2
109,0
109,1
109,3
110,0
110,2
110,3
111,1
111,3
112,0
112,2
112,3
113,1
113,3
114,0
114,2
114,3
114,1
113,2
113,0
112,1
111,2
111,0
110,1
109,2
108,3
108,1
107,2
106,3
106,1
105,2
104,3
104,1
103,2
102,10
102,7
102,5
102,2
101,3
101,1
100,2
99,3
99,0
98,4
98,1
97,2
97,0
96,5
96,2
95,3
95,1
94,4
94,1
93,4
93,1
92,4
92,2
91,4
91,1
90,5
90,3
90,0
89,4
89,2
88,3
88,0
87,1
86,5
86,2
85,3
85,1
84,2
83,4
83,1
82,3
82,0
81,1
80,3
80,0
79,4
79,1
78,3
78,0
77,1
76,3
76,0
75,3
75,1
74,3
74,0
73,1
72,5
72,2
71,3
71,1
70,2
69,3
69,0
68,2
67,4
67,1
66,3
66,0
65,5
65,2
65,0
64,1
63,4
63,2
62,3
62,0
61,2
60,3
60,0
59,1
58,3
58,0
57,1
56,3
56,0
55,1
54,3
54,1
53,3
53,0
52,2
51,13
51,10
51,7
51,5
51,2
50,3
50,1
49,2
48,3
48,0
47,2
46,3
46,0
45,2
44,6
44,3
44,1
43,6
43,3
43,0
42,3
42,0
41,6
41,4
41,1
40,4
40,1
39,3
39,0
38,1
37,3
37,0
36,1
35,2
35,0
34,3
34,0
33,2
32,7
32,4
32,2
31,3
31,0
30,5
30,3
30,0
29,5
29,3
29,0
28,4
28,1
27,4
27,1
26,5
26,3
26,0
25,1
24,3
24,1
23,4
23,1
22,5
22,2
21,3
0,406
0,268
0,404
0,267
0,403
0,266
0,402
0,265
0,401
0,264
0,400
0,263
0,399
0,262
0,398
0,261
0,397
0,260
0,396
0,259
0,395
0,258
0,394
0,257
0,393
0,256
0,392
0,255
0,391
0,254
0,390
0,253
0,389
0,252
0,388
0,251
0,387
0,250
0,386
0,249
0,385
0,248
0,384
0,247
0,383
0,246
0,382
0,245
0,381
0,244
0,380
0,242
0,379
0,241
0,378
0,240
0,377
0,239
0,376
0,238
0,375
0,237
0,374
0,236
0,373
0,235
0,372
0,234
0,371
0,233
0,370
0,232
0,369
0,231
0,368
0,230
0,367
0,229
0,366
0,228
0,365
0,227
0,364
0,226
0,363
0,225
0,361
0,224
0,360
0,223
0,359
0,222
0,358
0,221
0,357
0,220
0,356
0,219
0,355
0,218
0,354
0,217
0,353
0,216
0,352
0,215
0,351
0,214
0,350
0,213
0,349
0,212
0,348
0,211
0,347
0,210
0,346
0,209
0,345
0,208
0,344
0,207
0,343
0,206
0,342
0,205
0,341
0,204
0,340
0,203
0,337
0,202
0,336
0,201
0,335
0,200
0,334
0,199
0,333
0,198
0,332
0,197
0,331
0,196
0,330
0,195
0,329
0,194
0,328
0,193
0,327
0,192
0,326
0,63
0,325
0,62
0,323
0,61
0,322
0,60
0,321
0,59
0,320
0,58
0,319
0,57
0,318
0,56
0,317
0,55
0,316
0,54
0,315
0,53
0,314
0,52
0,313
0,51
0,312
0,50
0,311
0,49
0,310
0,48
0,309
0,47
0,308
0,46
0,307
0,45
0,301
0,6
0,5
0,304
0,303
0,306
0,305
0,302
0,12
0,338
0,10
0,8
0,441
0,11
0,4
0,2
0,3
0,7
